GLOBAL_DZ_MIN=-0.0008000537166812
GLOBAL_DZ_MAX=-3.000001298408264e-05
